    1    1    1
    2    2    1
    3    3    1
    4    4    1
    5    5    0.9500
    5   14    0.0500
    6    6    1
    7    7    1
    8    8    1
    9    9    1
   10   10    1
   11   11    0.9000
   11   12    0.0500
   11   20    0.0500
   12   11    0.0500
   12   12    0.8500
   12   13    0.0500
   12   21    0.0500
   13   12    0.0500
   13   13    0.8500
   13   14    0.0500
   13   22    0.0500
   14    5    0.8500
   14   13    0.0500
   14   14    0.0500
   14   15    0.0500
   15   14    0.0500
   15   15    0.8500
   15   16    0.0500
   15   24    0.0500
   16   15    0.0500
   16   16    0.8500
   16   17    0.0500
   16   25    0.0500
   17   16    0.0500
   17   17    0.9000
   17   26    0.0500
   18   18    1
   19   19    1
   20   11    0.8500
   20   20    0.0500
   20   21    0.0500
   20   29    0.0500
   21   21    1
   22   13    0.8500
   22   21    0.0500
   22   22    0.0500
   22   31    0.0500
   23   23    1
   24   15    0.8500
   24   24    0.0500
   24   25    0.0500
   24   33    0.0500
   25   25    1
   26   17    0.8500
   26   25    0.0500
   26   26    0.0500
   26   35    0.0500
   27   27    1
   28   28    1
   29   20    0.8500
   29   29    0.0500
   29   30    0.0500
   29   38    0.0500
   30   21    0.8500
   30   29    0.0500
   30   31    0.0500
   30   39    0.0500
   31   22    0.8500
   31   30    0.0500
   31   31    0.0500
   31   32    0.0500
   32   32    1
   33   24    0.8500
   33   32    0.0500
   33   33    0.0500
   33   42    0.0500
   34   34    1
   35   26    0.8500
   35   35    0.1000
   35   44    0.0500
   36   36    1
   37   37    1
   38   29    0.8500
   38   38    0.0500
   38   39    0.0500
   38   47    0.0500
   39   30    0.8500
   39   38    0.0500
   39   39    0.0500
   39   48    0.0500
   40   40    1
   41   41    1
   42   33    0.8500
   42   41    0.0500
   42   42    0.0500
   42   51    0.0500
   43   43    1
   44   35    0.8500
   44   44    0.1000
   44   53    0.0500
   45   45    1
   46   46    1
   47   38    0.8500
   47   47    0.0500
   47   48    0.0500
   47   56    0.0500
   48   39    0.8500
   48   47    0.0500
   48   49    0.0500
   48   57    0.0500
   49   48    0.0500
   49   49    0.9000
   49   50    0.0500
   50   41    0.8500
   50   49    0.0500
   50   51    0.0500
   50   59    0.0500
   51   42    0.8500
   51   50    0.0500
   51   52    0.0500
   51   60    0.0500
   52   51    0.0500
   52   52    0.9000
   52   53    0.0500
   53   44    0.8500
   53   52    0.0500
   53   53    0.0500
   53   62    0.0500
   54   54    1
   55   55    1
   56   56    1
   57   48    0.8500
   57   56    0.0500
   57   57    0.0500
   57   66    0.0500
   58   58    1
   59   59    1
   60   51    0.8500
   60   59    0.0500
   60   60    0.0500
   60   69    0.0500
   61   61    1
   62   62    1
   63   63    1
   64   64    1
   65   65    1
   66   57    0.8500
   66   66    0.0500
   66   67    0.0500
   66   75    0.0500
   67   66    0.0500
   67   67    0.8500
   67   68    0.0500
   67   76    0.0500
   68   59    0.8500
   68   67    0.0500
   68   69    0.0500
   68   77    0.0500
   69   60    0.8500
   69   68    0.0500
   69   70    0.0500
   69   78    0.0500
   70   70    1
   71   71    1
   72   72    1
   73   73    1
   74   74    1
   75   66    0.8500
   75   74    0.0500
   75   75    0.0500
   75   76    0.0500
   76   67    0.8500
   76   75    0.0500
   76   76    0.0500
   76   77    0.0500
   77   77    1
   78   69    0.8500
   78   77    0.0500
   78   78    0.0500
   78   79    0.0500
   79   70    0.8500
   79   78    0.0500
   79   79    0.0500
   79   80    0.0500
   80   80    1
   81   81    1
